solution = [134, 98, 114, 24, 33, 28, 4, 29, 139, 140]
Objective_Value = 31683.579999999998
resolution_time = 0.00292087
is_solved = true
status =  "SOLUTION_FOUND"
GAP = 0.0
