solution = [224, 127, 277, 229, 256, 246, 290, 262, 189, 160, 269]
Objective_Value = 21791.449999999997
resolution_time = 0.0139999
is_solved = true
status =  "SOLUTION_FOUND"
GAP = 0.0
