solution = [242, 133, 210, 184, 301, 182, 183, 109, 108, 240, 199, 293, 52, 303, 151, 269, 305, 349]
Objective_Value = 40026.729999999996
resolution_time = 0.0149999
is_solved = true
status =  "SOLUTION_FOUND"
GAP = 0.0
