solution = [224, 330, 277, 77, 185, 281, 290, 325, 335, 284, 269]
Objective_Value = 21820.449999999997
resolution_time = 0.0179999
is_solved = true
status =  "SOLUTION_FOUND"
GAP = 0.0
