solution = [83, 189, 396, 312, 85, 55, 2, 1, 404, 25, 317, 301, 281, 352, 389]
Objective_Value = 37046.990000000005
resolution_time = 0.0469999
is_solved = true
status =  "SOLUTION_FOUND"
