solution = [83, 189, 311, 217, 267, 55, 2, 39, 453, 134, 222, 261, 346, 352, 389]
Objective_Value = 37073.990000000005
resolution_time = 0.0289998
is_solved = true
status =  "SOLUTION_FOUND"
GAP = 0.0
