solution = [83, 189, 311, 217, 581, 38, 2, 8, 20, 527, 584, 602, 608, 260, 389]
Objective_Value = 37204.990000000005
resolution_time = 0.0780001
is_solved = true
status =  "SOLUTION_FOUND"
