solution = [83, 189, 311, 217, 545, 218, 2, 1, 668, 89, 317, 192, 281, 260, 389]
Objective_Value = 37230.990000000005
resolution_time = 0.0939999
is_solved = true
status =  "SOLUTION_FOUND"
