solution = [1066, 1095, 578, 1187, 651, 1153, 916, 396, 838, 585, 697, 866, 855, 1093, 1070, 1117, 1082, 1053, 875, 759, 722, 1144]
Objective_Value = 67351.26999999999
resolution_time = 0.0480001
is_solved = true
status =  "SOLUTION_FOUND"
GAP = 0.0
