solution = [83, 189, 45, 312, 85, 12, 2, 23, 239, 25, 317, 261, 346, 260, 389]
Objective_Value = 37018.990000000005
resolution_time = 0.0149999
is_solved = true
status =  "SOLUTION_FOUND"
GAP = 0.0
