solution = [664, 669, 514, 375, 257, 550, 445, 511, 393, 287, 565, 698, 591, 608, 599, 602, 695, 677]
Objective_Value = 46207.31999999999
resolution_time = 0.0640001
is_solved = true
status =  "SOLUTION_FOUND"
GAP = 0.0
