Objective_Value = 9498.619999999999
resolution_time = 0.817168
is_solved = true

