Objective_Value = 15332.560000000001
resolution_time = 2.00178
is_solved = true

