solution = [0.0, 0.0, 0.0, 0.0, 0.0, 0.0, 0.0, 0.0, 0.0, 0.0, 1.0, 0.0, 1.0, 0.0, 1.0, 0.0, 1.0, 0.0, 0.0, 1.0]
Objective_Value = 15332.560000000001
resolution_time = 1.39655
is_solved = true
status = OPTIMAL
GAP = 0.0
