Objective_Value = 4081.7599999999998
resolution_time = 0.158575
is_solved = true

