Objective_Value = 7864.219999999999
resolution_time = 0.252838
is_solved = true

