solution = [1.0, 0.0, 0.0, 0.0, -0.0, 0.0, 0.0, 0.0, 0.0, 0.0, 0.0, 0.0, 0.0, 0.0, 1.0, -0.0, 0.99999, 0.99999, 0.0, 0.0, 0.0, -0.0, 0.0, 1.0, -0.0, -0.0, -0.0, 0.0, 0.0, 0.0, 0.0, 0.0, 9.99999999995449e-6, 0.0, 0.0, 0.0, 0.0, 9.99999999995449e-6, 1.0, -0.0]
Objective_Value = 17330.0604185
resolution_time = 68.6198
is_solved = true
status = OPTIMAL
GAP = 0.0
