solution = [0.0, 0.0, 0.0, 1.0, 0.0, 0.0, 0.0, 0.0, 0.0, 0.99999, 0.0, 0.0, 0.0, 0.0, 0.0, 9.99999999995449e-6, 0.0, 0.0, 0.0, 0.0, 1.0, 0.0, 0.0, 0.0, 0.0, 0.0, 0.0, 0.0, 1.0, 0.0, 0.0, 0.0, 0.0, 0.0, 0.0, 0.0, 0.0, 1.0, 0.0, 1.0]
Objective_Value = 12664.3240642
resolution_time = 7.86119
is_solved = true
status = OPTIMAL
GAP = 0.0
