Objective_Value = 6281.399999372861
resolution_time = 0.479027
is_solved = true

