Objective_Value = 2464.6400000000003
resolution_time = 0.86247
is_solved = true

