solution = [0.0, 0.0, -0.0, 0.0, -0.0, -0.0, 0.0, 0.0, 0.0, -0.0, 0.0, 0.0, -5.595793059683564e-12, 0.0, 0.0, 5.595793059683564e-12, 1.0, 0.0, -0.0, 0.0, -0.0, -0.0, 0.0, -0.0, -0.0, -0.0, -0.0, 0.0, 0.0, 0.0, 0.0, -5.595793059683564e-12, 0.0, -0.0, 0.0, 0.0, 0.0, 0.0, 1.0, -0.0, 1.0, 0.0, 0.0, 0.9999999999944043, -0.0, 1.0, 5.595793059683564e-12, 0.0, 0.0, 0.0, 0.0, -0.0, 0.0, -0.0, 0.0, 1.0, 0.0, 0.0, 5.595793059683564e-12, 0.0, 0.0, 0.0, 0.0, 0.0, 0.0, 0.0, -0.0, 1.0, -0.0, 0.0, 0.0, -0.0, -0.0, -0.0, -0.0, 0.0, -0.0, 0.0, -0.0, 0.0]
Objective_Value = 30002.600000051483
resolution_time = 101.448
is_solved = false
status = OPTIMAL
GAP = 0.0
