Objective_Value = 15332.560000000001
resolution_time = 0.867965
is_solved = true

