solution = [(12, 16), (14, 17), (16, 14), (17, 15)]
Objective_Value = 7076.5199999999995
resolution_time = 0.175475
is_solved = true
status =  "" 
GAP = 0.0
