solution = [1.0, 0.0, 0.0, 1.0, 0.0, 0.0, 0.0, 0.0, 0.0, 0.0, 0.0, 1.0, 0.0, 0.0, -0.0, 0.0, 0.0, 0.0, 0.0, 0.0]
Objective_Value = 15332.560000000001
resolution_time = 0.276119
is_solved = true
status =  "" 
