Objective_Value = 6304.860000000001
resolution_time = 0.225869
is_solved = true

