solution = [(4, 13), (13, 20), (15, 4), (20, 17)]
Objective_Value = 15332.560000000001
resolution_time = 0.389597
is_solved = true
status =  "" 
GAP = 0.0
