Objective_Value = 9356.140000000001
resolution_time = 0.456063
is_solved = true

