Objective_Value = 11589.380000000001
resolution_time = 1.37823
is_solved = true

