solution = [(10, 44), (11, 10), (21, 58), (44, 59), (58, 11)]
Objective_Value = 10633.329999999998
resolution_time = 6.90432
is_solved = true
status =  "" 
GAP = 0.0
