solution = [(11, 16), (16, 47), (39, 41), (41, 11), (47, 59), (59, 56)]
Objective_Value = 31775.839999999997
resolution_time = 8.42528
is_solved = true
status =  "" 
GAP = 0.0
