Objective_Value = 11589.380000000001
resolution_time = 4.22403
is_solved = true

