Objective_Value = 6009.320000000001
resolution_time = 2.53555
is_solved = true

