solution = [83, 189, 544, 312, 197, 375, 2, 526, 519, 134, 113, 301, 281, 352, 389]
Objective_Value = 37108.990000000005
resolution_time = 0.0369999
is_solved = true
status =  "SOLUTION_FOUND"
GAP = 0.0
