solution = [83, 189, 544, 552, 545, 283, 2, 170, 318, 223, 113, 301, 346, 352, 389]
Objective_Value = 37150.990000000005
resolution_time = 0.0469999
is_solved = true
status =  "SOLUTION_FOUND"
GAP = 0.0
