solution = [664, 669, 514, 375, 257, 550, 497, 433, 393, 287, 565, 623, 705, 703, 269, 728, 600, 677]
Objective_Value = 46244.31999999999
resolution_time = 0.0829999
is_solved = true
status =  "SOLUTION_FOUND"
GAP = 0.0
