solution = [59, 44, 75, 30, 25, 41, 74]
Objective_Value = 10962.060000000001
resolution_time = 0.0079999
is_solved = true
status =  "SOLUTION_FOUND"
GAP = 0.0
